1 4/3
2 233/280
3 5
4 8
5 9
6 177/28
7 7/18
8 341/480
9 8
10 15/4
11 2
12 77/40
13 1/56
14 1/16
15 28
16 131/20
17 13
18 23/80
19 43/8
20 5/6
21 7
22 6
23 6
24 7/10
25 7/12
26 9/2744
27 67
28 41
29 1/12
30 65/24
31 107/21
32 2/25
33 17/2
34 55/56
35 29
36 13/21
37 9
38 90
39 47/40
40 5/12
41 8/15
42 8
43 19/42
44 57/252
45 277/5
46 1
47 1/8
48 3/2
49 23/7
50 3/40
51 9/10
52 3/7
53 63
54 23/8
55 307/2
56 4
57 1
58 2
59 4
60 1/2
61 2/5
62 68
63 1
64 1/20
65 17/15
66 2
67 8
68 1
69 1
70 161/120
71 0
72 0
73 57/35
74 1/3
75 21/28
76 8/21
77 4/7
78 5/4
79 16
80 2
81 9
82 40/3
83 1/38
84 5/8
85 13
86 3/4
87 55/14
88 5
89 17
90 3
91 17/28
92 29/12
93 0
94 26
95 1/4
96 3/2
97 9/22
98 8
99 1
100 1/9
